BEGIN NODES
0:[0,1,4.85410196625]
1:[0,1,-4.85410196625]
2:[0,-1,4.85410196625]
3:[0,-1,-4.85410196625]
4:[1,4.85410196625,0]
5:[1,-4.85410196625,0]
6:[-1,4.85410196625,0]
7:[-1,-4.85410196625,0]
8:[4.85410196625,0,1]
9:[4.85410196625,0,-1]
10:[-4.85410196625,0,1]
11:[-4.85410196625,0,-1]
12:[2,4.2360679775,1.61803398875]
13:[2,4.2360679775,-1.61803398875]
14:[2,-4.2360679775,1.61803398875]
15:[2,-4.2360679775,-1.61803398875]
16:[-2,4.2360679775,1.61803398875]
17:[-2,4.2360679775,-1.61803398875]
18:[-2,-4.2360679775,1.61803398875]
19:[-2,-4.2360679775,-1.61803398875]
20:[4.2360679775,1.61803398875,2]
21:[4.2360679775,1.61803398875,-2]
22:[4.2360679775,-1.61803398875,2]
23:[4.2360679775,-1.61803398875,-2]
24:[-4.2360679775,1.61803398875,2]
25:[-4.2360679775,1.61803398875,-2]
26:[-4.2360679775,-1.61803398875,2]
27:[-4.2360679775,-1.61803398875,-2]
28:[1.61803398875,2,4.2360679775]
29:[1.61803398875,2,-4.2360679775]
30:[1.61803398875,-2,4.2360679775]
31:[1.61803398875,-2,-4.2360679775]
32:[-1.61803398875,2,4.2360679775]
33:[-1.61803398875,2,-4.2360679775]
34:[-1.61803398875,-2,4.2360679775]
35:[-1.61803398875,-2,-4.2360679775]
36:[1,3.61803398875],3.2360679775]
37:[1,3.61803398875],-3.2360679775]
38:[1,-3.61803398875],3.2360679775]
39:[1,-3.61803398875],-3.2360679775]
40:[-1,3.61803398875],3.2360679775]
41:[-1,3.61803398875],-3.2360679775]
42:[-1,-3.61803398875],3.2360679775]
43:[-1,-3.61803398875],-3.2360679775]
44:[3.61803398875],3.2360679775,1]
45:[3.61803398875],3.2360679775,-1]
46:[3.61803398875],-3.2360679775,1]
47:[3.61803398875],-3.2360679775,-1]
48:[-3.61803398875],3.2360679775,1]
49:[-3.61803398875],3.2360679775,-1]
50:[-3.61803398875],-3.2360679775,1]
51:[-3.61803398875],-3.2360679775,-1]
52:[3.2360679775,1,3.61803398875]]
53:[3.2360679775,1,-3.61803398875]]
54:[3.2360679775,-1,3.61803398875]]
55:[3.2360679775,-1,-3.61803398875]]
56:[-3.2360679775,1,3.61803398875]]
57:[-3.2360679775,1,-3.61803398875]]
58:[-3.2360679775,-1,3.61803398875]]
59:[-3.2360679775,-1,-3.61803398875]]
END NODES

BEGIN EDGES
E0:21,22
END EDGES